% -------------------------------------------------------------------
%  Generated by MATLAB on 20-Apr-2020 10:11:12
%  MATLAB version: 9.7.0.1190202 (R2019b)
% -------------------------------------------------------------------
                                 

rgb_d = ...
  [124.625 171.875 175;
   117.625 154.625 180.875;
   134.75 161.125 195.25;
   110.625 169 170.125;
   129.25 155.75 186.75;
   117.75 170.5 181.125;
   116.375 179.875 194.25;
   122.625 179.5 178.25;
   130.5 173.375 170;
   108 178.875 190.625;
   116.25 182.25 195;
   105.5 182.25 182.5;
   101 179.375 180;
   122.625 176.875 169;
   120.75 171.75 169.875;
   104.625 183 173;
   100 177.375 164.125;
   106 183.625 163.375;
   102.5 199.625 175.375;
   89.875 192 172;
   84.625 180 145.75;
   99.5 183.75 167.125;
   112.5 183.875 165.625;
   126.625 174.25 162.125;
   106.875 192.25 168.25;
   112.25 194.625 172.75;
   110.75 185.625 167;
   101.875 178 154.625;
   100.75 182.875 152.375;
   108.625 184.5 133.875;
   87.125 160.75 134.5;
   106.75 175.375 141;
   100.5 181.125 137.875;
   118.625 198.25 128.25;
   86 176.25 112.125;
   91.5 175.375 111.375;
   105.375 177.125 109.375;
   105.125 186.125 135.125;
   87.875 170.875 123.75;
   100 170.125 117.5;
   84 152 116.625;
   92.375 187.75 123.375;
   106.375 179.875 164.125;
   103.25 181.375 139.125;
   90.25 179.75 131.875;
   98.625 167.625 126.875;
   59.75 162.875 105.75;
   101.75 176.875 140;
   102.5 182 130.625;
   85.125 168.375 117.75;
   89.625 164.25 121.5;
   81 157 101.75;
   84.875 157.75 107;
   90.75 189.25 122.25;
   91.125 160.625 117.125;
   86.375 204 113.375;
   86.875 214.375 105.875;
   85.625 183.125 114.375;
   98.375 200.625 140.375;
   96.25 201.25 112.75;
   100.125 201.625 135.125;
   98.875 212.375 128.375;
   98.875 197.75 117.375;
   84.5 198.5 119.875;
   103 210.25 157.75;
   86.75 197.75 118.125;
   100.875 186.5 127.5;
   99.375 203 149.125;
   102.375 203 143.5;
   95.125 195.75 125.125;
   101 188.625 125.875;
   86.25 198.75 136.5;
   88.125 190.25 137;
   80.25 195.25 131.5;
   91.5 197.625 123.875;
   49.375 153.5 87.5;
   58 162.5 99.375;
   98.5 208.375 139.125;
   74.625 176.375 101.625;
   62.375 145.625 76.25;
   90.75 167.875 111;
   103.75 189.5 139;
   103 155 131;
   82.625 137.875 117.125;
   62.25 126 102.125;
   77.375 137.625 104.375;
   72.875 140.25 113.625;
   79 142.25 100.25;
   81.125 145.625 99.375;
   99.375 151.625 106.5;
   95 139.875 99.5;
   83.25 145.25 96.75;
   110.75 159.625 110.75;
   95 154.375 100.5;
   111 163 152.25;
   130.375 154.5 137.25;
   128.5 149 133.5;
   143.125 164.875 146;
   138.375 143.375 136.625;
   137.75 160.625 140;
   136 166.75 156.125;
   122.875 170.5 149.25;
   115.125 172.625 149.125;
   111 167 164.75;
   117.375 177.875 176.875;
   118.875 163.875 177.375;
   122.25 173.625 167.125;
   132.875 188.625 188.125;
   108.125 176.25 171.125;
   113.625 166.375 177;
   123 179.75 174.875;
   113.125 170.375 170.75;
   115 185.25 171.25;
   118.875 172.125 174.75;
   118.25 175.625 181.125;
   132.75 178.125 186.875;
   120.875 181.75 173.25;
   128.625 178.125 184.5;
   117.625 180.25 167.375;
   118.875 179.625 168;
   85.5 148.625 144.5;
   112.875 166.75 176.75;
   115.75 171 163.75;
   93 155 161.75;
   156.625 193.125 191.25;
   138.875 185.375 191;
   132.125 191 191.75;
   144.75 218.375 187.875;
   141.875 219.875 187.25;
   148.875 252.875 183;
   159 250.125 174.375;
   151.375 255.875 173;
   173.875 242.875 172.125;
   154.625 258.375 182.875;
   189.625 266 191.75;
   226.375 284 236.875;
   164.75 253.25 207.75;
   171 292.25 197.875;
   201.5 295 239.125;
   169.125 288.25 240;
   197.625 287.625 228;
   164.5 280.25 208.25;
   198.375 278.875 201.125;
   195.375 279.125 201.125;
   191.25 279.25 211.75;
   195 291.875 225;
   222.875 285.625 225.625;
   237.25 292 238.75;
   255.25 282.5 245.75;
   240.375 315.625 240.875;
   253.125 282.25 294.75;
   247 270.125 282.75;
   257 278.5 261.125;
   242.125 259.75 287.375;
   271.5 318.375 329.75;
   258.25 307.5 292.25;
   269.625 270.5 287.75;
   250.875 258.875 293.625;
   245.5 289 312.125;
   253.125 267 311.5;
   285.375 272.5 330.625;
   275.875 286.125 353.875;
   290.875 286.625 322.625;
   304.375 299 340.5;
   290.75 292.375 333;
   303.125 284 349.25;
   337.625 290.875 370.625;
   287.625 279.875 354.625;
   322.625 286.125 367;
   378.875 328.125 380.5];

